1595
1674
1682
1686
1689
1789
1989
1995
2001
2253
2255
2257
2631
2632
2633
2811
2743
2821
3277
3278
3279
4077
4079
4085
4370
4374
4391
4612
4628
4712
4713
4926
3633
3655
3673
3716
3842
4074
1956
2397
2400
2401
3775
5164
5174
5177
7760
190152
5352
216440
216555
216610
220290
221400
222522
223715
224516
224906
226294
227418
227950
229940
230308
230564
230592
230900
231487
231017
113399
113513
113550
116588
117637
118205
118826
119046
120257
126339
127495
128427
129596
131233
131887
132931
134456
135127
135624
136895
137827
138844
140140
140703
141842
143889
144569
144983
145546
147501
148546
150159
151370
152807
154110
155183
156181
157406
211563
165897
169468
174254
177070
179428
180213
77345
77749
77804
78884
79319
79539
80011
82764
83302
83719
83860
86400
86823
87179
87808
88538
88827
89151
78158
78168
80042
82711
84365
84633
85341
85745
89491
89832
90148
91325
92227
92663
93110
93777
80240
80260
80311
81730
82397
85031
86117
90485
90998
94156
94644
94979
95469
95833
80021
87234
88275
91644
93216
93289
96269
96809
106193
97144
181
183
185
281
285
288
291
471
294
540
297
675
693
730
862
995
997
2811
77804
91325
87234
1686
129596
156181
79319
87808
3673
1995
140703
3279
93777
138844
84365
230592
89491
80011
80240
113513
86823
117637
227950
88538
471
223715
995
81730
93216
80042
291
294
2633
730
862
2257
89151
78884
93110
230308
230564
144569
227418
693
89832
118826
229940
3775
4074
169468
4713
141842
143889
5177
3842
94644
119046
288
4391
216555
675
151370
2632
4077
4712
177070
3633
2253
106193
144983
86400
96269
1956
4079
4085
2401
126339
221400
88827
5164
2743
2001
118205
222522
132931
82711
297
85341
136895
127495
84633
1682
85031
997
1689
5174
4612
113399
91644
83302
2631
78168
150159
226294
181
82764
179428
83860
92227
140140
95833
152807
4374
78158
183
5352
211563
145546
92663
113550
96809
154110
131887
128427
230900
4370
134456
3277
185
94979
79539
190152
2821
2397
224906
135624
88275
4926
3716
281
231487
87179
120257
90485
80260
1989
135127
1674
4628
97144
3278
174254
540
80021
77749
148546
137827
147501
2400
90148
231017
224516
82397
7760
165897
95469
3655
83719
86117
80311
2255
1789
90998
116588
131233
1595
155183
180213
216610
93289
216440
85745
220290
285
77345
94156
157406
1059
1064
865
2440
1411
1505
1512
1513
1604
1609
1610
2080
2421
301
303
2017
2711
2723
2729
2741
2748
2751
2752
2754
3912
3917
3926
4050
4086
4087
4121
4241
4245
4252
4253
5175
5819
5909
5920
6086
6283
6282
7036
7045
7047
7086
5197
5363
5438
5612
5623
5636
8136
8216
8217
8700
8701
8887
8888
9369
9759
9851
10216
10301
10603
10604
11232
11116
11665
11669
12271
12389
12486
12561
13067
13069
13191
13192
14271
14321
14360
14380
14389
134212
134216
134476
134752
135864
136587
136795
137921
139370
140196
141679
141817
143834
143882
143909
145851
145875
145878
151127
151464
152557
154494
154696
156886
158139
159453
160999
161829
162965
163958
165225
166084
166619
167677
168982
169746
171160
171674
173359
174268
174873
174881
175215
177024
215718
227546
7398
7581
7724
7772
8015
8094
8386
8445
8590
8729
8924
8975
9141
9293
9410
9492
9688
9707
9895
9938
10085
10098
10386
10534
10742
10755
10978
10994
11324
11465
11643
11940
12230
12388
12512
12521
12819
12991
12996
13099
13124
13520
13847
14028
14194
14381
17846
17862
87289
14553
14384
93915
94311
94929
94972
95521
95897
96570
96597
97462
97764
98411
98658
98998
99275
99828
100105
100532
100914
101288
101521
101855
102562
103358
103834
104265
105083
105103
104689
106098
106821
107929
108350
108661
109128
110085
110734
111296
111814
113067
113533
114616
116493
116496
118140
119616
118803
237189
87104
87111
87628
88060
88761
89251
89417
89739
90109
90394
90855
91289
91550
92151
93014
93251
93396
93711
94064
94479
94926
95209
95715
96103
96623
97030
97463
97876
98440
98855
99108
99553
100068
100576
100942
101397
101719
102281
102893
103426
103724
104277
104273
105338
105359
105980
106490
107209
107485
108227
108964
109335
109904
110488
110697
111522
111686
5197
2632
136895
116496
291
109335
169746
100576
109904
4086
101521
220290
8216
7036
77749
107929
138844
229940
4077
131233
216440
118803
10085
1989
93216
95521
224516
8701
6086
154110
7086
174873
90394
7581
150159
96809
103426
12991
85031
215718
1682
3278
159453
14028
108964
6282
137827
5164
9938
96623
11643
119046
3277
281
94979
108227
99275
9895
1512
230592
144569
135624
174881
118140
80042
3912
10604
237189
14380
106490
9369
2723
82397
13520
14381
155183
8729
13192
4712
88060
9293
13069
17862
136795
231487
85341
11116
145878
2821
134456
2253
9707
173359
166084
93396
2440
93289
8888
2633
997
5819
1064
14360
95715
78884
4612
156181
87111
174268
110697
4050
99828
12271
111814
94311
2811
11324
81730
174254
104273
90855
294
117637
105980
134752
118826
12230
181
143834
80240
93915
14384
865
5612
134216
5909
87628
1505
101397
3633
10603
144983
116588
471
97462
79319
221400
12561
113399
92151
2743
2400
139370
104277
98440
7045
96103
165897
83302
9141
169468
94926
8924
80311
171674
4074
10098
136587
1674
8445
13099
5636
2729
104265
216610
303
106193
3279
128427
223715
8386
87234
12389
99108
222522
3842
301
95209
98658
97876
4253
111686
78168
86400
177070
83860
88275
224906
92227
100068
88827
13847
90485
11940
2741
5352
11232
154494
96570
80021
92663
140196
2421
288
89417
4391
180213
141817
107209
5174
110734
120257
12512
143909
10386
80011
4241
98855
7760
93777
1686
4087
3673
105359
1995
1689
135864
5175
9851
91644
7772
94972
102281
2751
230308
108661
91325
14271
82711
148546
8700
17846
8887
88761
93711
83719
96597
1956
12819
171160
2397
137921
104689
4079
158139
93014
4252
94929
111522
226294
82764
8217
116493
5438
87179
190152
11669
179428
86823
118205
119616
141679
14321
90148
96269
108350
2257
297
5177
10301
94064
9410
230900
140703
87808
79539
10755
168982
107485
143882
4121
6283
94644
231017
10534
145546
2017
101855
145875
2401
3775
183
10994
100532
95897
102562
11665
103358
2001
9759
113533
80260
675
126339
147501
91550
13067
160999
227418
4370
1059
12996
5363
85745
134212
156886
1513
154696
227546
151127
131887
78158
84633
8015
97463
862
11465
10978
14553
86117
163958
3917
87104
13191
129596
95469
100942
141842
89491
101288
2631
127495
89251
166619
111296
9492
12388
161829
106098
132931
110488
540
1609
14389
113513
93251
89832
10216
87289
2255
109128
105083
211563
134476
3655
105338
8136
114616
4628
4926
10742
4374
185
8094
106821
140140
7398
1411
2711
12521
99553
100105
227950
103724
113067
7047
151370
12486
693
5920
152807
730
2754
13124
77804
89151
177024
5623
98998
157406
103834
145851
93110
88538
4085
97764
175215
3716
94156
152557
8590
94479
1595
165225
7724
4713
14194
89739
8975
90109
77345
91289
1610
216555
1604
2748
162965
97030
230564
84365
113550
97144
90998
135127
100914
105103
1789
4245
101719
167677
9688
110085
995
98411
285
102893
2080
2752
151464
95833
143889
3926
113370
113692
115582
117149
117924
117939
119902
120320
120928
123494
128211
128978
130518
92382
141374
13156
13387
13618
13687
13897
14053
14235
14422
14534
14762
17830
18029
18040
20712
39779
39973
40043
40277
40313
40513
40516
40771
40772
40776
40780
41448
41653
41830
41968
42064
42393
42582
42770
42904
64371
64689
65140
67186
67690
68046
68509
68785
230424
97326
5197
2632
136895
116496
291
109335
169746
100576
109904
4086
101521
220290
8216
7036
77749
107929
138844
229940
4077
131233
216440
118803
10085
1989
93216
95521
224516
8701
6086
154110
7086
174873
90394
7581
150159
96809
103426
12991
85031
215718
1682
3278
159453
14028
108964
6282
137827
5164
9938
96623
11643
119046
3277
281
94979
108227
99275
9895
1512
230592
144569
135624
174881
118140
80042
3912
10604
237189
14380
106490
9369
2723
82397
13520
14381
155183
8729
13192
4712
88060
9293
13069
17862
136795
231487
85341
11116
145878
2821
134456
2253
9707
173359
166084
93396
2440
93289
8888
2633
997
5819
1064
14360
95715
78884
4612
156181
87111
174268
110697
4050
99828
12271
111814
94311
2811
11324
81730
174254
104273
90855
294
117637
105980
134752
118826
12230
181
143834
80240
93915
14384
865
5612
134216
5909
87628
1505
101397
3633
10603
144983
116588
471
97462
79319
221400
12561
113399
92151
2743
2400
139370
104277
98440
7045
96103
165897
83302
9141
169468
94926
8924
80311
171674
4074
10098
136587
1674
8445
13099
5636
2729
104265
216610
303
106193
3279
128427
223715
8386
87234
12389
99108
222522
3842
301
95209
98658
97876
4253
111686
78168
86400
177070
83860
88275
224906
92227
100068
88827
13847
90485
11940
2741
5352
11232
154494
96570
80021
92663
140196
2421
288
89417
4391
180213
141817
107209
5174
110734
120257
12512
143909
10386
80011
4241
98855
7760
93777
1686
4087
3673
105359
1995
1689
135864
5175
9851
91644
7772
94972
102281
2751
230308
108661
91325
14271
82711
148546
8700
17846
8887
88761
93711
83719
96597
1956
12819
171160
2397
137921
104689
4079
158139
93014
4252
94929
111522
226294
82764
8217
116493
5438
87179
190152
11669
179428
86823
118205
119616
141679
14321
90148
96269
108350
2257
297
5177
10301
94064
9410
230900
140703
87808
79539
10755
168982
107485
143882
4121
6283
94644
231017
10534
145546
2017
101855
145875
2401
3775
183
10994
100532
95897
102562
11665
103358
2001
9759
113533
80260
675
126339
147501
91550
13067
160999
227418
4370
1059
12996
5363
85745
134212
156886
1513
154696
227546
151127
131887
78158
84633
8015
97463
862
11465
10978
14553
86117
163958
3917
87104
13191
129596
95469
100942
141842
89491
101288
2631
127495
89251
166619
111296
9492
12388
161829
106098
132931
110488
540
1609
14389
113513
93251
89832
10216
87289
2255
109128
105083
211563
134476
3655
105338
8136
114616
4628
4926
10742
4374
185
8094
106821
140140
7398
1411
2711
12521
99553
100105
227950
103724
113067
7047
151370
12486
693
5920
152807
730
2754
13124
77804
89151
177024
5623
98998
157406
103834
145851
93110
88538
4085
97764
175215
3716
94156
152557
8590
94479
1595
165225
7724
4713
14194
89739
8975
90109
77345
91289
1610
216555
1604
2748
162965
97030
230564
84365
113550
97144
90998
135127
100914
105103
1789
4245
101719
167677
9688
110085
995
98411
285
102893
2080
2752
151464
95833
143889
3926
113370
113692
115582
117149
117924
117939
119902
120320
120928
123494
128211
128978
130518
92382
141374
13156
13387
13618
13687
13897
14053
14235
14422
14534
14762
17830
18029
18040
20712
39779
39973
40043
40277
40313
40513
40516
40771
40772
40776
40780
41448
41653
41830
41968
42064
42393
42582
42770
42904
64371
64689
65140
67186
67690
68046
68509
68785
230424
97326
